### Single-catchment configuration ###
catchment_id: 'cat-2455'

# Catchment attributes
aridity: 0.6162295197563603
meanP: 1205.995888298133
ETPOT_Hargr: 742.8342736253878
NDVI: 0.6174765216178657
FW: 0.0192634940475512
meanslope: 4.4800395856162325
SoilGrids1km_sand: 56.56952622169754
SoilGrids1km_clay: 10.758232409560296
SoilGrids1km_silt: 32.63518798776706
glaciers: 0.0
HWSD_clay: 33.80980974483272
HWSD_gravel: 4.5
HWSD_sand: 25.88037954670563
HWSD_silt: 40.30980974483272
meanelevation: 420.350111721308
meanTa: 3.638347146395749
permafrost: 0.0
permeability: -14.050548448481871
seasonality_P: 0.1274814414336384
seasonality_PET: 0.6819796220257132
snow_fraction: 0.4632378107404671
snowfall_fraction: 0.3035367526483185
T_clay: 4.0
T_gravel: 4.0
T_sand: 85.0
T_silt: 11.0
Porosity: 0.2190807723331853
uparea: 57.389399739002336
catchsize: 17.86364959949879
lengthkm: 5.221451420057183

# BMI configuration
model_dir: ./data/dhbv_2_mts/model/dhbv_2_mts/
dtype: float32

verbose: false

time_step: 1 hour
