### Single-catchment configuration ###
catchment_id: 'cat-2454'

# Catchment attributes
aridity: 0.6160151582560454
meanP: 1206.0025068241089
ETPOT_Hargr: 742.5628573033431
NDVI: 0.6172224381001439
FW: 0.0191088282742835
meanslope: 4.469268183356398
SoilGrids1km_sand: 56.57755185999001
SoilGrids1km_clay: 10.753174226170843
SoilGrids1km_silt: 32.63193532183905
glaciers: 0.0
HWSD_clay: 33.81128146177607
HWSD_gravel: 4.5
HWSD_sand: 25.877436102694336
HWSD_silt: 40.31128146177606
meanelevation: 421.6303596792274
meanTa: 3.633385783057909
permafrost: 0.0
permeability: -14.050000190734863
seasonality_P: 0.1280539047257311
seasonality_PET: 0.6819835531553615
snow_fraction: 0.4632564896242159
snowfall_fraction: 0.303538383142842
T_clay: 4.0
T_gravel: 4.0
T_sand: 85.0
T_silt: 11.0
Porosity: 0.2199639848126325
uparea: 30.46544959500381
catchsize: 13.400998821000195
lengthkm: 6.527005307025407

# BMI configuration
model_dir: ./data/dhbv_2_mts/model/dhbv_2_mts/
dtype: float32

verbose: false

time_step: 1 hour
